100 10
0.47926882 0.74819237 0.70626414 0.7139857 0.73110294 0.5598327 0.79859847 0.30992144 0.5631796 0.4424955 
0.66864496 0.60776037 0.6620592 0.43620285 0.33063287 0.32200494 0.5338596 0.62728107 0.37962595 0.7114631 
0.18968926 0.7350438 0.2718345 0.25955525 0.2257527 0.48740605 0.71045285 0.46045834 0.38748005 0.6454544 
0.74555874 0.37900758 0.39541486 0.5491771 0.3716187 0.26912722 0.29086193 0.14395478 0.69503105 0.720143 
0.6312607 0.616036 0.5697551 0.7550499 0.35322118 0.4240041 0.61826736 0.68284285 0.7491274 0.68375486 
0.6749276 0.2034473 0.18593438 0.45054784 0.62887895 0.26759416 0.33226636 0.70306575 0.30403918 0.5975059 
0.23880452 0.5585445 0.6801271 0.47715467 0.18500796 0.57907224 0.17733859 0.51171917 0.6111517 0.3577527 
0.5334047 0.67994434 0.44426486 0.66203725 0.73761654 0.5598925 0.7719252 0.4057643 0.54562986 0.7618757 
0.450276 0.7464387 0.7336897 0.41635767 0.45537776 0.20916161 0.68646765 0.6504725 0.73071045 0.6435796 
0.6376627 0.22200125 0.3640638 0.8597401 0.81123704 0.5055163 0.2776703 0.7052031 0.63637936 0.6856273 
0.2197213 0.20685565 0.3236619 0.17134643 0.5479108 0.35022116 0.6772062 0.90989196 0.37139487 0.7176172 
0.20613956 0.5715959 0.28967673 0.33122063 0.7269114 0.92320096 0.51827645 0.4522726 0.25665903 0.65010923 
0.61896545 0.61764157 0.82818365 0.28404966 0.3370579 0.21912873 0.6713021 0.27456284 0.5825401 0.48674694 
0.53075445 0.7936509 0.702324 0.84722173 0.4302019 0.77437294 0.53022355 0.7637048 0.829185 0.24245287 
0.20187426 0.48533812 0.3130396 0.62504655 0.892558 0.4221291 0.7942863 0.66956306 0.12053102 0.7193894 
0.26171878 0.83544785 0.63615465 0.6908435 0.43314418 0.60362136 0.49569032 0.5293543 0.6285367 0.4383114 
0.526116 0.86530054 0.2726568 0.78637904 0.51508486 0.8538182 0.5651227 0.83648807 0.40624717 0.15717466 
0.85233265 0.7257411 0.5067705 0.14780025 0.20948249 0.72543 0.2145997 0.7556043 0.4375152 0.3659895 
0.26333225 0.3629694 0.5194332 0.12941912 0.4708675 0.29288572 0.31545684 0.813024 0.3189759 0.49919227 
0.613928 0.33532673 0.7907309 0.8229 0.34726328 0.85909706 0.18710698 0.44915214 0.8461429 0.37441415 
0.71508497 0.3064823 0.31460527 0.5556932 0.38364613 0.09696195 0.32760155 0.6989935 0.38375458 0.514365 
0.44463754 0.5009677 0.17112038 0.35933065 0.5189978 0.82096386 0.17329057 0.44591713 0.5577576 0.6159973 
0.40407062 0.4860204 0.5627027 0.5176072 0.59003973 0.53720945 0.5693264 0.8061864 0.6581231 0.7145401 
0.58019394 0.56124574 0.7153639 0.77618957 0.24381737 0.30527624 0.37648717 0.32365996 0.45823133 0.22307488 
0.099811114 0.7481471 0.48301223 0.5704834 0.38984418 0.45994014 0.74722445 0.30403098 0.64510435 0.3037278 
0.23888488 0.8556292 0.5539201 0.23448697 0.24345922 0.75887674 0.32346216 0.85183895 0.714779 0.53609025 
0.4695675 0.1733406 0.2930535 0.6048166 0.28659937 0.62903047 0.19397332 0.7648129 0.7270838 0.69839907 
0.14603326 0.12196272 0.73370874 0.6071835 0.47338146 0.73970234 0.117331475 0.57791775 0.87791216 0.09880785 
0.6767595 0.088243105 0.29832536 0.82620054 0.7085597 0.64932954 0.9256241 0.5922872 0.39597878 0.3397787 
0.5862118 0.18319117 0.21806765 0.7458492 0.6966334 0.22161235 0.69055545 0.19714014 0.34681022 0.5758332 
0.5550183 0.5867694 0.3424591 0.32411557 0.5263359 0.2009316 0.25890785 0.58396345 0.17486574 0.44641614 
0.91926384 0.80872726 0.31828812 0.8106067 0.5596417 0.26691878 0.3148436 0.19795975 0.27975714 0.2226553 
0.8170342 0.5139313 0.5827542 0.8163525 0.4363329 0.46816057 0.14012024 0.17117578 0.24756892 0.8101754 
0.5404415 0.21664788 0.6327476 0.66190684 0.400849 0.48111966 0.9547419 0.4184333 0.27258244 0.81240445 
0.29922718 0.1888534 0.50207067 0.6328316 0.3066003 0.4304188 0.5636781 0.7221028 0.30380383 0.35431662 
0.70511055 0.1363699 0.6395712 0.6310513 0.4647366 0.65233654 0.48821196 0.288949 0.5750628 0.5956529 
0.49786273 0.09662294 0.5475161 0.6282712 0.5450863 0.39487165 0.12214204 0.646463 0.21686852 0.9277395 
0.725981 0.30952206 0.33243006 0.7513852 0.58700365 0.9003782 0.57160115 0.39076376 0.7735008 0.5495638 
0.44081524 0.7288706 0.5712232 0.7958626 0.5405799 0.58368546 0.7299887 0.37986326 0.10444449 0.44388348 
0.48391762 0.7205736 0.57998407 0.42989215 0.47170466 0.47333086 0.42316988 0.69349664 0.45125467 0.23128973 
0.42475128 0.33092767 0.37706357 0.32423478 0.5593977 0.37180504 0.115286455 0.7210358 0.3166239 0.7004436 
0.1430847 0.73182005 0.44283664 0.31038135 0.26319352 0.3576307 0.83808833 0.64398175 0.5325295 0.48875356 
0.68611133 0.31799603 0.22527798 0.8348543 0.50842136 0.56177527 0.32620627 0.7360478 0.31129053 0.53837246 
0.5594717 0.33793113 0.33491683 0.8303501 0.11223394 0.52264637 0.7644457 0.5938418 0.8342869 0.41227058 
0.17654824 0.41477516 0.43844825 0.31941253 0.5994385 0.65802735 0.25194648 0.32985273 0.6027795 0.10774019 
0.6281313 0.69863105 0.6010467 0.38418952 0.39427787 0.35710034 0.42521533 0.599079 0.32826954 0.21074523 
0.6323617 0.70949537 0.38445985 0.788927 0.55940884 0.51674986 0.7890687 0.7638105 0.48160616 0.2625656 
0.6502057 0.80787766 0.18536447 0.35901713 0.20793957 0.74680704 0.4030428 0.47752628 0.6074933 0.7527246 
0.4824564 0.85475916 0.68025506 0.5744611 0.24664226 0.40306142 0.7938595 0.46773696 0.72625697 0.7488829 
0.43214178 0.58132964 0.67147535 0.47782812 0.6731224 0.5748797 0.6625869 0.36598948 0.32268736 0.58257675 
0.8830194 0.4634318 0.10699907 0.38666338 0.26280627 0.06182004 0.43990427 0.6369075 0.46585855 0.5528005 
0.53665495 0.45455906 0.7523868 0.33828226 0.34459832 0.15556048 0.42695248 0.37191764 0.6122333 0.65525734 
0.42098746 0.18019456 0.29414126 0.4282084 0.37825924 0.45995155 0.23632288 0.31805095 0.6400612 0.17835853 
0.63704056 0.3290637 0.34228134 0.210675 0.11018301 0.44049227 0.76606214 0.8576051 0.4645941 0.6773366 
0.60804284 0.39135218 0.39745146 0.5419453 0.5439944 0.1851113 0.3762474 0.4343897 0.6533776 0.1958001 
0.57579374 0.69510216 0.27454236 0.30917603 0.76153374 0.36340547 0.58026683 0.84508747 0.102472596 0.63009965 
0.57524145 0.80452895 0.48373616 0.7994096 0.58647376 0.637294 0.14577855 0.30674577 0.15515023 0.5684761 
0.76113456 0.5541133 0.3004603 0.6264694 0.4720751 0.41574675 0.6749542 0.7948939 0.46038982 0.66774285 
0.6308213 0.40622988 0.31441006 0.40547118 0.44415182 0.708311 0.87653375 0.70759207 0.4377462 0.732213 
0.5378414 0.8202333 0.9087561 0.72431684 0.43565857 0.76006365 0.70018995 0.5871037 0.5411968 0.3873471 
0.47896975 0.71026176 0.22831598 0.58506864 0.68647456 0.5936161 0.7458798 0.40937248 0.6147721 0.5367941 
0.5190385 0.6573919 0.28470892 0.22686876 0.2093844 0.39163694 0.62231207 0.78470635 0.36769798 0.16286342 
0.23209411 0.59178287 0.37893033 0.650153 0.4155711 0.26425087 0.50892043 0.33828413 0.19233485 0.76995444 
0.3551731 0.5809228 0.20775768 0.58486766 0.46082726 0.866694 0.45146403 0.46752104 0.71002495 0.8979159 
0.72865385 0.631522 0.5044296 0.36491546 0.8200505 0.8921907 0.83371484 0.65238917 0.6512628 0.6821813 
0.42270732 0.34623653 0.76847917 0.49092436 0.6727596 0.52268785 0.7009887 0.84137744 0.76922244 0.49246064 
0.2699518 0.24295463 0.25321752 0.30487853 0.6121002 0.24423626 0.8056094 0.9113791 0.35070512 0.29947287 
0.78076494 0.51583576 0.74543667 0.48572287 0.3660698 0.3204071 0.37754554 0.6102851 0.606676 0.47125283 
0.60144913 0.44923452 0.78036195 0.622896 0.7330506 0.5438158 0.41952503 0.82794285 0.4609216 0.55089694 
0.84059286 0.602938 0.41400942 0.5913397 0.6355855 0.74376124 0.61666137 0.44546896 0.41633618 0.30417806 
0.5959075 0.18023758 0.2905754 0.5375871 0.3616546 0.9162602 0.5842996 0.65656495 0.7390011 0.340387 
0.74381435 0.40646535 0.8203827 0.40698218 0.42751676 0.74048704 0.578569 0.50339466 0.4192606 0.21705467 
0.49270713 0.7412952 0.34763944 0.45760995 0.33128527 0.246512 0.3467188 0.30577388 0.4960276 0.21977761 
0.32930443 0.5632549 0.5469161 0.7892923 0.35636407 0.5075702 0.6165113 0.23537193 0.3370179 0.57116866 
0.96074235 0.17895135 0.19097789 0.68806696 0.6080041 0.21141668 0.82813334 0.65629923 0.5824494 0.727558 
0.52685595 0.5462522 0.81683296 0.21259274 0.43611136 0.5377684 0.9415791 0.13242145 0.53177714 0.5216209 
0.585112 0.5467444 0.7501158 0.69914204 0.37522385 0.22327988 0.49778083 0.45774347 0.41038877 0.42452884 
0.48128006 0.77638906 0.6548369 0.47200292 0.46971703 0.6805531 0.29606113 0.29651415 0.4326744 0.86933357 
0.924457 0.4496232 0.29868025 0.41817576 0.79162574 0.2400652 0.5647909 0.8987538 0.5939799 0.5658602 
0.5264431 0.46855736 0.3046979 0.43135336 0.75541764 0.2487828 0.2322215 0.63808894 0.38652295 0.7079862 
0.56629175 0.5272734 0.21639256 0.44565904 0.38030678 0.7890364 0.4404891 0.22639664 0.9082529 0.3611559 
0.8901433 0.44730568 0.43663338 0.8467974 0.18569493 0.87117344 0.7597941 0.68580914 0.34811363 0.48256853 
0.54085237 0.79605705 0.78741443 0.74413824 0.33251238 0.567572 0.65673137 0.396774 0.3890435 0.3336989 
0.70050013 0.25297192 0.53453904 0.16104162 0.52173567 0.5743499 0.25874358 0.36203152 0.42360327 0.7086796 
0.18835045 0.88210416 0.32254454 0.23983707 0.28847313 0.25560322 0.17654268 0.30340326 0.15095237 0.65177006 
0.41815656 0.31549877 0.52811044 0.5952944 0.20096524 0.77235305 0.5340216 0.49181524 0.66687363 0.35158455 
0.19807792 0.25295514 0.5237575 0.6352404 0.75776196 0.2670698 0.6370487 0.4953656 0.61943054 0.06699507 
0.7119332 0.69913566 0.6304666 0.94030887 0.1803883 0.09488938 0.77913487 0.42699358 0.485804 0.50222594 
0.3046052 0.43469325 0.7262412 0.4492599 0.8553603 0.764782 0.6908988 0.3639019 0.8949029 0.85737497 
0.41612756 0.19450673 0.433755 0.78753245 0.18503645 0.61131227 0.53460497 0.32288432 0.3659657 0.68828386 
0.62096894 0.8421249 0.6708895 0.6494111 0.19743419 0.48008436 0.22100882 0.6759366 0.8054733 0.2365915 
0.25314862 0.4883845 0.3563368 0.5125265 0.553481 0.74650246 0.75277674 0.6937897 0.2740688 0.74892855 
0.76578265 0.46601632 0.24254307 0.33506626 0.8064035 0.6973316 0.5141902 0.43762875 0.13042 0.8271001 
0.56245035 0.902083 0.20196207 0.5594701 0.48683676 0.25490108 0.40184405 0.36961976 0.53127724 0.5089406 
0.24979426 0.22861747 0.81856155 0.17624065 0.7176397 0.7514605 0.6930722 0.1463573 0.41666993 0.34698582 
0.6023596 0.28263733 0.24088739 0.7491979 0.42143953 0.75036186 0.34678376 0.68749404 0.7554657 0.40606746 
0.59112316 0.20451556 0.42538694 0.5424671 0.83968806 0.39384678 0.63199157 0.6533808 0.11973414 0.5827466 
0.3652513 0.70945376 0.8010538 0.6320219 0.52442706 0.45943868 0.53502953 0.10976442 0.3235215 0.21909723 
0.54534346 0.26860732 0.4237429 0.74984556 0.53502333 0.7055324 0.12164423 0.5828636 0.10224464 0.40808994 
0.36474788 0.4762025 0.7054653 0.5124568 0.4994651 0.68141305 0.23840567 0.26928285 0.42961287 0.5248037 
